73743071
73743199
73744055
73744087
73755103
73755127
73756319
73756583
73758367
73760167
73771487
73771511
73775775
73776807
73783967
73791143
73878239
73880287
73886047
73886303
73913015
73913527
73914967
73915031
74013151
74013175
74013947
74014111
74014523
74014567
74042107
74045791
74047275
74052283
74053207
74053419
74078687
74078711
74079483
74079647
74080059
74080103
74085115
74085983
74086347
74087611
74087831
74087883
74131935
74131959
74159355
74166943
74179899
74181799
74229599
74229719
74231455
74231719
74234527
74235559
74246495
74246751
74250839
74250903
74339307
74349867
74349899
74356127
74358571
74360223
74360779
74363551
74421483
74423595
74423627
74425703
74426155
74426727
74426827
74427559
74619643
74619883
74627027
74628763
74628819
74637139
74644123
74644307
74664699
74666747
74677547
74677579
74755295
74755571
74755995
74762975
74766687
74768171
74788063
74788339
74788763
74789599
74790495
74790859
74814687
74825299
74838683
74863455
74869087
74869343
74880499
74881375
74884595
74884703
74890835
74959467
74959571
74959699
74960171
74960203
75278011
75278059
75279827
75280027
75280083
75282259
75283099
75283283
75289275
75289787
75291947
75291979
75311927
75311987
75312027
75313847
75314775
75314987
75320119
75320179
75320219
75320503
75320727
75320779
75326775
75329107
75330203
75338967
75340375
75340439
75343219
75343447
75344243
75344279
75345491
75352683
75352787
75352915
75353387
75353419
77806303
77806431
77807287
77807319
77814239
77814263
77815035
77815199
77815611
77815655
77817695
77817815
77820907
77821343
77823211
77823335
77830907
77831147
77835487
77835763
77836187
77837151
77837811
77839979
77850299
77850347
77851447
77851507
77851547
77851863
77852019
77852267
78409341
78409629
78410621
78411725
78413021
78413261
78434783
78434807
78437501
78437663
78438173
78438215
78439293
78440671
78442381
78444765
78445111
78445453
78453215
78453239
78454259
78454643
78497405
78498941
78499747
78500255
78500339
78508445
78508829
78508963
78509159
78509171
78525421
78526077
78528205
78537709
78539003
78539901
78544155
78544269
78544291
78548383
78548891
78563277
78564639
78565261
78565791
78565875
78613741
78613917
78614221
78616813
78617147
78617373
78617883
78617997
78618019
78619495
78619547
78623181
78623559
78623629
78623847
78623859
78756341
78757493
78761461
78765877
78771061
78772021
78860767
78860791
78868981
78869791
78871669
78871879
78876149
78883039
78888501
78898037
78899767
78900789
78977503
78977527
78978547
78978931
79108597
79114741
79117987
79122847
79122931
79152757
79154293
79154851
79156327
79156339
79220661
79223285
79231797
79269813
79276283
79278581
79295771
79296053
79296163
79334815
79335323
79372085
79377695
79380021
79384991
79385075
79573941
79574645
79575861
79586229
79587899
79588469
79590683
79590965
79591075
79602535
79602587
79611701
79613255
79613493
79615079
79615091
80161661
80161773
80162293
80162741
80174053
80178149
80182445
80182453
80202461
80202477
80202613
80202677
80205541
80206565
80207021
80207029
80362207
80362335
80363191
80363223
80400863
80400887
80403581
80403743
80404253
80404295
80405485
80407839
80410861
80411463
80433631
80433655
80441845
80442655
80444533
80444743
80449461
80459039
80470965
80473415
80857851
80861535
80863019
80868027
80868951
80869163
81031931
81032799
81033163
81034427
81034647
81034699
81148901
81149669
81154527
81154551
81207141
81209595
81224677
81224991
81250149
81250875
81254629
81254727
81323389
81323509
81325029
81328477
81328501
81328869
81348447
81348567
81353853
81354015
81354525
81354567
81359349
81360159
81362037
81362247
81558885
81568747
81570941
81572341
81600299
81610699
81617893
81618207
81730917
81733867
81734429
81734773
81741611
81744331
81746149
81746247
81996669
81996781
81997301
81997749
82009957
82011517
82011637
82017637
82123515
82123755
82142077
82145187
82148635
82148749
82148771
82152949
82165411
82179355
82179637
82179747
82365151
82368863
82370347
82457311
82458207
82458571
82516965
82520287
82541669
82541731
82568037
82568475
82602981
82617183
82620301
82624053
82647391
82658911
82672741
82672803
82807981
82807989
82808165
82809963
82810253
82810275
82810421
82810531
83413725
83413741
83413877
83413941
83416933
83417437
83417461
83418469
83445435
83445483
83450077
83450787
83451163
83451277
83451299
83452789
83455651
83457307
83457589
83457699
83505847
83506775
83506987
83528887
83529111
83529163
83543781
83544631
83549285
83549347
83551077
83551515
83565285
83568855
83569549
83570229
83576407
83579287
83582053
83582115
83594413
83594421
83594597
83596395
83596685
83596707
83596853
83596963
85539551
85539679
85540535
85540567
85641695
85641719
85648635
85650591
85653819
85654311
85665631
85665751
85693419
85699743
85714155
85715751
85760763
85761003
85812447
85815187
85818523
85824351
85831571
85848683
85927611
85927659
85940535
85941139
85941403
85943511
85945235
85946987
86194911
86195039
86195895
86195927
86202847
86202871
86203643
86203807
86204219
86204263
86206303
86206423
86209515
86209951
86211819
86211943
86219515
86219755
86224095
86224371
86224795
86225759
86226419
86228587
86238907
86238955
86240055
86240115
86240155
86240471
86240627
86240875
87152377
87153401
87160249
87160505
87177951
87178079
87178935
87178967
87396089
87396281
87396831
87396855
87410649
87410939
87415033
87415071
87421401
87421499
87422521
87422535
87440121
87441081
87443295
87443415
87498585
87499755
87513337
87513375
87541593
87541995
87545401
87545415
87611353
87613273
87628539
87628779
87738105
87738591
87744281
87744291
87750873
87750939
87759609
87761759
87777049
87777059
87810905
87811179
87963097
87963481
87967419
87967467
87994809
87994935
87996185
87996195
87996633
87996699
88000185
88000727
88004377
88004387
88007513
88007787
90394361
90394553
90403453
90403817
90404089
90406045
90406121
90406201
90411901
90414057
90416889
90422861
90422889
90432733
90433257
90433977
90435149
90435177
90466783
90466807
90467999
90468263
90469599
90471735
90493407
90493431
90496125
90496287
90496797
90496839
90497917
90499295
90501005
90503389
90503735
90504077
90608095
90608119
90629097
90630431
90634473
90634823
90643433
90654943
90668137
90687209
90690103
90692713
90753503
90753527
90763155
90766227
90773983
90774007
90775027
90775411
90803961
90804153
90804703
90804727
90824473
90824483
90830617
90830627
91107965
91108329
91111065
91113427
91114621
91115427
91120617
91127075
91131039
91131795
91132319
91132403
91134201
91134239
91135769
91135779
91196573
91196649
91197081
91197907
91198237
91198371
91199721
91200803
91202343
91202451
91202663
91202675
91203129
91203143
91203353
91203363
91329517
91332457
91334617
91337341
91337705
91354329
91354701
91354729
91354777
91370747
91373211
91373267
91382765
91384059
91384957
91389211
91389325
91389347
91430761
91441403
91448297
91482395
91483241
91483427
91516063
91520155
91524511
91525019
91543801
91543839
91551961
91552027
91632889
91635277
91635305
91637407
91639071
91639693
91646239
91651177
91655327
91656083
91656607
91656691
91658489
91658527
91660057
91660067
92038381
92039017
92039641
92040349
92040425
92042457
92042829
92042857
92042905
92048699
92049051
92049107
92051693
92052027
92052253
92052763
92052877
92052899
92063593
92066363
92068073
92072219
92073065
92073251
92085031
92085403
92087143
92087195
92091961
92091975
92092633
92092699
92114233
92114509
92114537
92115367
92115783
92115853
92117575
92118121
92119847
92119955
92120167
92120179
92120633
92120647
92120857
92120867
93146873
93147065
93178357
93179817
93181177
93188725
93189033
93189433
93212149
93220777
93234937
93255989
93256105
93295477
93297577
93301177
93305141
93305257
93432287
93432311
93436575
93437607
93443295
93451575
93540831
93540855
93549045
93549855
93551733
93551943
93556213
93563103
93568565
93578101
93579831
93580853
94015967
94015991
94080937
94087455
94102441
94104135
94138281
94193887
94237097
94313385
94327351
94335401
94947807
94947831
94957459
94960531
94968287
94968311
94969331
94969715
94998265
94998457
94999007
94999031
95018777
95018787
95024921
95024931
95996405
95997865
96008857
96018259
96023029
96026275
96047017
96072995
96111775
96112531
96113055
96113139
96114937
96114975
96116505
96116515
96350837
96351145
96352921
96356179
96357493
96358051
96363433
96367907
96379687
96379795
96380007
96380019
96380473
96380487
96380697
96380707
96882613
96894377
96905177
96913909
96915369
96982233
96983349
96983465
96983705
97047803
97057435
97057619
97095605
97102075
97104373
97121563
97121845
97121955
97287593
97339643
97357737
97495323
97497513
97498403
97807519
97811611
97815967
97816475
97835257
97835295
97843417
97843483
98096377
98105653
98105769
98114207
98120991
98123317
98150687
98169257
98208927
98209683
98210207
98210291
98212089
98212127
98213657
98213667
99718069
99720617
99723737
99725941
99726249
99734745
99735861
99735977
99736217
99759419
99760795
99760979
99771317
99772987
99773557
99775771
99776053
99776163
99818921
99832379
99836841
99854619
99856809
99857699
99949351
99949723
99951463
99951515
99956281
99956295
99956953
99957019
100021561
100022581
100022697
100026023
100027719
100027957
100035143
100037033
100049703
100049811
100050023
100050035
100050489
100050503
100050713
100050723
103116413
103116701
103117805
103120109
103135733
103136885
103141301
103150517
103230333
103230445
103230965
103231413
103242725
103246821
103251117
103251125
103271133
103271149
103271285
103271349
103274213
103275237
103275693
103275701
103405305
103406329
103413177
103413433
103501561
103501753
103510653
103511017
103511289
103513245
103513321
103513401
103519213
103522153
103527673
103539949
103540585
103542073
103632633
103632825
103664117
103665577
103666937
103674485
103674793
103675193
103698357
103710121
103732473
103781301
103783849
103789881
105200351
105200479
105201335
105201367
105212383
105212407
105213599
105213863
105215647
105217447
105228767
105228791
105233055
105234087
105241247
105248423
105786237
105786349
105786869
105787317
105810655
105816799
105822149
105828703
105829471
105830341
105838765
105838773
105876189
105876205
105876341
105876405
105882295
105883831
105885125
105886807
105886999
105887173
105887917
105887925
105986783
105986911
105987767
105987799
106147313
106149361
106163057
106163569
106334687
106334711
106339825
106340209
106357373
106358943
106359281
106363037
106363431
106363505
106370029
106391711
106392049
106415341
106420775
106420849
106596831
106596855
106601969
106602353
106662389
106670239
106670577
106685045
106687015
106687089
106713013
106801311
106801649
106894261
106916391
106916465
108079997
108080109
108080629
108081077
108092393
108093289
108097449
108101033
108284639
108301023
108310001
108335839
108339935
108342769
108379685
108379689
108431711
108433759
108434929
108438111
108438623
108439025
108445221
108445225
108512429
108512437
108512617
108512681
108808925
108808941
108809077
108809141
108812009
108812137
108813225
108813737
108860087
108864183
108866417
108872887
108873911
108874609
108883493
108883497
108896855
108897367
108897649
108898455
108898583
108898673
108899877
108899881
108905645
108905653
108905833
108905897
109664735
109664759
109665531
109665695
109666107
109666151
109693691
109697375
109698859
109703867
109704791
109705003
109758943
109758967
109765883
109767839
109771067
109771559
110189023
110189047
110189819
110189983
110190395
110190439
110468593
110468977
110481329
110483953
110490545
110491249
110909401
110922491
110931889
110988025
110989663
110990833
111014233
111014443
111014577
111089113
111092411
111094705
111108793
111109207
111109489
111112537
111112747
111112881
111303135
111303159
111303931
111304095
111304507
111304551
111309563
111310431
111310795
111312059
111312279
111312331
111331807
111331831
111338747
111340703
111343931
111344423
111434207
111434231
111435003
111435167
111435579
111435623
111517169
111517553
111529905
111532529
111539121
111539825
111613913
111616763
111620017
111633145
111633503
111633905
111639641
111639691
111639729
111658457
111659195
111659953
111663289
111663383
111663473
111664217
111664267
111664305
112278501
112279269
112283385
112283577
112339423
112339447
112359365
112360901
112363999
112364023
112369137
112369521
112442917
112442921
112455205
112455209
112762725
112764889
112792827
112803525
112805115
112807857
112850469
112850473
112923621
112923897
112927391
112928709
112928927
112929265
112934437
112934441
113125221
113125849
113132859
113135301
113135931
113136561
113145381
113145385
113165541
113165625
113166503
113166789
113166887
113166961
113167909
113167913
113553021
113553309
113555957
113557109
113567101
113567221
113568741
113572189
113572213
113572581
113588985
113589945
113603197
113603561
113603833
113605789
113605865
113605945
113625589
113627049
113628409
113635957
113636265
113636665
113813343
113813463
113815199
113815463
113818271
113819303
113886589
113886709
113889631
113890399
113891269
113897821
113897845
113898583
113898775
113898949
113911647
113911767
113931761
113933681
113959549
113961119
113961457
113965213
113965607
113965681
114002421
114010271
114010609
114025077
114027047
114027121
114173309
114173429
114174953
114175913
114198879
114200927
114202097
114205279
114205791
114206193
114212389
114212393
114264413
114264437
114264809
114265001
114270807
114271319
114271601
114272407
114272535
114272625
114273829
114273833
115496573
115497461
115506533
115515225
115520125
115520489
115526133
115527593
115626987
115669547
115669643
115669701
115676139
115687089
115696253
115706357
115855659
115855915
115856049
115856459
115856523
115856561
115856933
115856937
115905951
115908395
115911839
115938719
115956209
115994969
115995179
115995313
116008351
116008907
116010143
116016543
116021745
116030553
116030603
116030641
116069349
116069625
116073119
116074437
116074655
116074993
116080165
116080169
116954525
116954741
116956517
116959065
116960413
116960489
116961909
116962217
116987115
116996651
116996747
116996805
116999403
117001905
117004445
117006965
117035307
117035563
117035697
117036107
117036171
117036209
117036581
117036585
117056871
117057323
117058343
117065063
117069425
117076313
117076523
117076657
117082471
117082571
117082919
117084519
117085809
117087321
117087371
117087409
117097701
117097785
117098663
117098949
117099047
117099121
117100069
117100073
118666109
118669005
118672885
118684469
118696829
118696941
118697461
118697909
118710117
118711677
118711797
118717797
118806489
118808409
118854525
118856681
118865561
118879449
118879821
118879849
118879897
118902261
118910889
118946457
119002329
119003445
119003561
119003801
119708411
119708651
119715795
119717531
119717587
119725907
119732891
119733075
119942013
119942125
119942645
119943093
119966459
119972603
119979717
119981437
119981557
119994923
119995019
119995077
120101627
120101867
120172465
120176305
120263549
120290579
120290609
120318107
120318385
120319053
120319251
120319281
120344053
120452371
120452401
120563867
120564145
120566069
120567059
120567089
120662909
120663021
120663541
120663989
120675305
120676201
120680361
120683945
120867579
120883963
120893361
120918779
120922875
120926129
120976933
120976937
120989053
120989173
120990697
120991657
121098539
121098795
121098929
121099339
121099403
121099441
121099813
121099817
121941215
121941491
121941915
121948895
121952607
121954091
121988319
121991059
121994395
122203359
122203635
122204059
122342897
122347313
122354097
122443513
122456799
122465777
122522361
122523999
122525169
122548569
122548779
122548913
122760415
122760691
122761115
122761951
122762847
122763211
122774751
122777491
122780827
122825951
122826227
122826651
122867185
122871601
122878385
122885881
122888927
122891761
122905337
122905695
122906097
122911833
122911883
122911921
123247589
123250425
123278559
123287493
123290847
123293169
123321893
123321897
123462245
123462297
123462739
123462853
123462931
123462961
123463205
123463209
123671397
123671769
123675291
123676357
123676827
123677105
123680293
123680297
123885517
123887413
123890661
123902713
123911757
123911785
123926837
123926953
124015455
124047711
124048479
124049349
124064607
124073457
124091469
124121397
124160351
124162399
124163569
124166751
124167263
124167665
124173861
124173865
124294643
124295519
124301203
124327411
124346161
124357369
124359007
124360177
124397043
124397151
124399507
124405235
124411697
124412665
124413023
124413425
124510821
124510873
124511315
124511429
124511507
124511537
124511781
124511785
125586125
125586229
125586605
125586613
125586789
125588313
125589069
125589097
125589145
125589813
125589929
125590169
125602411
125602515
125602643
125606061
125606069
125606443
125606539
125606597
125608555
125609649
125611085
125611283
125611313
125612341
125613331
125613361
125617325
125617333
125617513
125617577
125620523
125620779
125620913
125621323
125621387
125621425
125621797
125621801
130329821
130330317
130331509
130333493
130337501
130337517
130337653
130337717
130340709
130341213
130341237
130342245
130364889
130365273
130376925
130377449
130379417
130381017
130381389
130381417
130381465
130388853
130390953
130398873
130405593
130406709
130406825
130407065
130590395
130590443
130592211
130592411
130592467
130594643
130595483
130595667
130648797
130648813
130648949
130649013
130654907
130656443
130657989
130658653
130658677
130660907
130661003
130661061
130688699
130688747
130706353
130707121
130729181
130735379
130735409
130738331
130738609
130739277
130739475
130739505
130749301
130774291
130774321
130787483
130787761
130789685
130790675
130790705
130829021
130829037
130829173
130829237
130832105
130832233
130833321
130833833
130880187
130884283
130886577
130892987
130894011
130894769
130905637
130905641
130910557
130910581
130910953
130911145
130928939
130929195
130929329
130929739
130929803
130929841
130930213
130930217
131148599
131148659
131148699
131150519
131151447
131151659
131160375
131160979
131161243
131214135
131214195
131214235
131249009
131249969
131250609
131274169
131277495
131279729
131293881
131294295
131294577
131297625
131297835
131297969
131353399
131353459
131353499
131353783
131354007
131354059
131356983
131357587
131357851
131369783
131369843
131369883
131380081
131381041
131381681
131384761
131385527
131386225
131389625
131389719
131389809
131390553
131390603
131390641
131475173
131475897
131482935
131485125
131486007
131486577
131493413
131493417
131523173
131523225
131523667
131523781
131523859
131523889
131524133
131524137
131535717
131536089
131539611
131540677
131541147
131541425
131544613
131544617
131634637
131634997
131635941
131638969
131640909
131640937
131643701
131643817
131667159
131675223
131675415
131675589
131679447
131681649
131685453
131690805
131703383
131703895
131704177
131704983
131705111
131705201
131706405
131706409
131736947
131737175
131738515
131745139
131749681
131752633
131753047
131753329
131762547
131762583
131763091
131764595
131766065
131766457
131766551
131766641
131785317
131785369
131785811
131785925
131786003
131786033
131786277
131786281
131877581
131877685
131878061
131878069
131878245
131879769
131880525
131880553
131880601
131881269
131881385
131881625
131893867
131893971
131894099
131897517
131897525
131897899
131897995
131898053
131900011
131901105
131902541
131902739
131902769
131903797
131904787
131904817
131908781
131908789
131908969
131909033
131911979
131912235
131912369
131912779
131912843
131912881
131913253
131913257
