----(0, 0, 0, 8)----
Total:36
0011223302032131
0011223302031321
0011223302103132
0011223302132031
0011223302131032
0011223303202131
0011223303213102
0011223303102132
0011223303132021
0011223303132102
0011223320210313
0011223320213031
0011223320213103
0011223320302131
0011223320310213
0011223320313021
0011223321020313
0011223321031302
0011223321302031
0011223321303102
0011223321310203
0011223321310302
0011223310203213
0011223310213032
0011223310213203
0011223310302132
0011223310320213
0011223310321302
0011223313020321
0011223313021032
0011223313032021
0011223313032102
0011223313202103
0011223313203021
0011223313210203
0011223313210302

----(0, 0, 1, 7)----
Total:34
0011220330213231
0011220330232131
0011220330231321
0011220331021323
0011220331023213
0011220331302321
0011220331321023
0011220331323021
0011220332102313
0011220332130231
0011220332131023
0011220332302131
0011220332310213
0011220332313021
0011221330203231
0011221330232031
0011221330231032
0011221330310232
0011221330320231
0011221330323102
0011221331020323
0011221331023032
0011221331023203
0011221331030232
0011221331032023
0011221331032302
0011221332023031
0011221332023103
0011221332030231
0011221332031023
0011221332302031
0011221332303102
0011221332310203
0011221332310302

----(0, 0, 2, 6)----
Total:27
0011220233032131
0011220233031321
0011220233210313
0011220233213031
0011220233213103
0011220233103213
0011220233130321
0011220233132103
0011221033023132
0011221033202313
0011221033231302
0011221033130232
0011221033132023
0011221033132302
0011223033202131
0011223033213102
0011223033102132
0011223033132021
0011223033132102
0011223133020321
0011223133021032
0011223133032021
0011223133032102
0011223133202103
0011223133203021
0011223133210203
0011223133210302

----(0, 0, 3, 5)----
Total:31
0011220213303231
0011220213310323
0011220213323031
0011220213323103
0011220313302321
0011220313321023
0011220313323021
0011220323302131
0011220323310213
0011220323313021
0011221023303132
0011221023313032
0011221023313203
0011221023320313
0011221303310232
0011221303320231
0011221303323102
0011221323302031
0011221323303102
0011221323310203
0011221323310302
0011223203302131
0011223203310213
0011223203313021
0011223213302031
0011223213303102
0011223213310203
0011223213310302
0011223103302132
0011223103320213
0011223103321302

----(0, 0, 4, 4)----
Total:32
0011220210332313
0011220210331323
0011220230332131
0011220230331321
0011220231330321
0011220231332103
0011220302332131
0011220302331321
0011220321330231
0011220321331023
0011221020332313
0011221020331323
0011221031330232
0011221031332023
0011221031332302
0011221032331302
0011221302332031
0011221302331032
0011221320330231
0011221320331023
0011221310330232
0011221310332023
0011221310332302
0011223020332131
0011223020331321
0011223021332031
0011223021331032
0011223031332021
0011223031332102
0011223130332021
0011223130332102
0011223210331302

----(0, 1, 0, 7)----
Total:24
0011022330312132
0011022330313212
0011022330321312
0011022331203213
0011022331213032
0011022331213203
0011022331303212
0011022331321203
0011022332031213
0011022332120313
0011022332130312
0011022332131203
0011322330203121
0011322330210312
0011322330212031
0011322330310212
0011322330312021
0011322330312102
0011322331021203
0011322331030212
0011322331202103
0011322331203021
0011322331210203
0011322331210302

----(0, 1, 1, 6)----
Total:19
0011022033212313
0011022033213123
0011022033231213
0011022033121323
0011022033123213
0011022033132123
0011022133032312
0011022133031232
0011022133203123
0011022133230312
0011022133231203
0011022133120323
0011022133123032
0011022133123203
0011322033021231
0011322033023121
0011322033102123
0011322033121023
0011322033123021

----(0, 1, 2, 5)----
Total:21
0011022123303132
0011022123313032
0011022123313203
0011022123320313
0011022303312132
0011022303313212
0011022303321312
0011022313303212
0011022313321203
0011322023303121
0011322023312103
0011322103302312
0011322103312023
0011322103312302
0011322123302031
0011322123303102
0011322123310203
0011322123310302
0011322303310212
0011322303312021
0011322303312102

----(0, 1, 3, 4)----
Total:16
0011022031332123
0011022032331213
0011022120332313
0011022120331323
0011022130332312
0011022130331232
0011022132330312
0011022132331203
0011022320331213
0011022321330312
0011022321331203
0011322102330312
0011322102331203
0011322120330231
0011322120331023
0011322310330212

----(0, 1, 4, 3)----
Total:25
0011022032133123
0011022031233213
0011022123033132
0011022123133032
0011022123133203
0011022132033123
0011022131233032
0011022131233203
0011022303133212
0011022312033213
0011022312133032
0011022312133203
0011022313033212
0011322021033123
0011322021233031
0011322021233103
0011322023033121
0011322030233121
0011322031233021
0011322102033123
0011322120233031
0011322120233103
0011322123033102
0011322302033121
0011322312033021

----(0, 1, 5, 2)----
Total:17
0011022031213323
0011022032123313
0011022120313323
0011022120323313
0011022123203313
0011022130323312
0011022131203323
0011022132303312
0011022303213312
0011022321203313
0011022321303312
0011322102303312
0011322103023312
0011322103123302
0011322123103302
0011322302103312
0011322312103302

----(0, 1, 6, 1)----
Total:12
0011022123031332
0011022123130332
0011022130312332
0011022131230332
0011022303121332
0011022312130332
0011322021230331
0011322030212331
0011322120230331
0011322120302331
0011322123020331
0011322302120331

----(0, 2, 0, 6)----
Total:26
0011032233021312
0011032233120213
0011032233121302
0011032233130212
0011202233032131
0011202233031321
0011202233210313
0011202233213031
0011202233213103
0011202233103213
0011202233130321
0011202233132103
0011302233203121
0011302233210312
0011302233212031
0011302233103212
0011302233120321
0011302233121032
0011312233020321
0011312233021032
0011312233032021
0011312233032102
0011312233202103
0011312233203021
0011312233210203
0011312233210302

----(0, 2, 1, 5)----
Total:20
0011032213302312
0011032213312023
0011032213312302
0011202213303231
0011202213310323
0011202213323031
0011202213323103
0011232203302131
0011232203310213
0011232203313021
0011232213302031
0011232213303102
0011232213310203
0011232213310302
0011302203312321
0011302203321231
0011302203323121
0011312203302321
0011312203321023
0011312203323021

----(0, 2, 2, 4)----
Total:21
0011032202331213
0011032212331302
0011032231330212
0011202210332313
0011202210331323
0011202230332131
0011202230331321
0011202231330321
0011202231332103
0011232210331302
0011302210332312
0011302210331232
0011302212332031
0011302212331032
0011312202330321
0011312202332103
0011312210330232
0011312210332023
0011312210332302
0011312230332021
0011312230332102

----(0, 2, 3, 3)----
Total:19
0011032202133123
0011202213033231
0011202213233031
0011202213233103
0011202232133031
0011202232133103
0011202231033213
0011232202133031
0011232202133103
0011232203133021
0011232213033102
0011302203233121
0011302212033231
0011302232033121
0011302231033212
0011312203233021
0011312210233032
0011312210233203
0011312232033021

----(0, 2, 4, 2)----
Total:28
0011032202123313
0011032212023313
0011032212313302
0011032213023312
0011032213123302
0011032230213312
0011032231213302
0011202210313323
0011202210323313
0011202213103323
0011202230313321
0011202231303321
0011202232103313
0011232202103313
0011232210203313
0011232210313302
0011232213103302
0011302203123321
0011302210323312
0011302231203321
0011302232103312
0011312202103323
0011312202303321
0011312203023321
0011312210203323
0011312210323302
0011312230203321
0011312232103302

----(0, 3, 0, 5)----
Total:32
0011021223303132
0011021223313032
0011021223313203
0011021223320313
0011030223312132
0011030223313212
0011030223321312
0011031223302132
0011031223320213
0011031223321302
0011203223302131
0011203223310213
0011203223313021
0011210223303132
0011210223313032
0011210223313203
0011210223320313
0011213223302031
0011213223303102
0011213223310203
0011213223310302
0011303223310212
0011303223312021
0011303223312102
0011320223303121
0011320223312103
0011321223302031
0011321223303102
0011321223310203
0011321223310302
0011310223303212
0011310223321203

----(0, 3, 1, 4)----
Total:23
0011021220332313
0011021220331323
0011023220331213
0011023221330312
0011023221331203
0011030221332312
0011030221331232
0011031221330232
0011031221332023
0011031221332302
0011203221330231
0011203221331023
0011210220332313
0011210220331323
0011213220330231
0011213220331023
0011230220332131
0011230220331321
0011230221332031
0011230221331032
0011321220330231
0011321220331023
0011310220332123

----(0, 3, 2, 3)----
Total:26
0011021223033132
0011021223133032
0011021223133203
0011030221233132
0011030223133212
0011031220233213
0011203223133021
0011210223033132
0011210223133032
0011210223133203
0011213220233031
0011213220233103
0011213223033102
0011230221033132
0011303220233121
0011303221233102
0011320221033123
0011320221233031
0011320221233103
0011320223033121
0011321220233031
0011321220233103
0011321223033102
0011310221233032
0011310221233203
0011310223033212

----(0, 4, 0, 4)----
Total:20
0011020322331213
0011021322330312
0011021322331203
0011032022331213
0011032122331302
0011031322330212
0011203022332131
0011203022331321
0011210322331302
0011213022332031
0011213022331032
0011302122332031
0011302122331032
0011303122332021
0011303122332102
0011310322330212
0011312022330321
0011312022332103
0011321022330312
0011321022331203

----(1, 1, 1, 5)----
Total:6
0021132203301231
0021132203310123
0021132203312301
0031102213301232
0031102213320123
0031102213323012

----(1, 1, 2, 4)----
Total:8
0021132230331012
0021132230331201
0031102201332123
0031102212330132
0031102212332013
0031132202330121
0031132212330102
0031132212330201

----(1, 1, 3, 3)----
Total:10
0021132201033123
0021132201233031
0021132201233103
0021132231033012
0031102201233213
0031102213233012
0031102230133212
0031102232133012
0031132201233021
0031132210233012

----(1, 2, 1, 4)----
Total:12
0021101220332313
0021101220331323
0021123220330131
0021123220331013
0021123220331301
0021131220332301
0031101221330232
0031101221332023
0031101221332302
0031120221332301
0031123221330102
0031123221330201

----(1, 2, 2, 3)----
Total:11
0021101223033132
0021101223133032
0021101223133203
0021103220133123
0021103223133012
0021123220133031
0021123220133103
0021131223033201
0031101220233213
0031123220133021
0031130221233201

----(1, 2, 3, 2)----
Total:20
0021101220313323
0021101220323313
0021101223203313
0021103220123313
0021103223013312
0021123220103313
0021123220313301
0021131220103323
0021131220323301
0021131223203301
0031101220213323
0031101221323302
0031101223213302
0031120221013323
0031120221323301
0031120223013321
0031120223213301
0031123220213301
0031123221013302
0031130220123321

----(1, 3, 1, 3)----
Total:4
0021101322033123
0021130122033231
0031102322133012
0031123022133201

----(2, 2, 2, 2)----
Total:16
0020110322123313
0020112322103313
0020113122103323
0020113122303321
0012110322023313
0012110322313302
0013110322123302
0013112022103323
0013112022303321
0013112322103302
0030112022313321
0030113122023321
0032110122023313
0032110122313302
0032112022313301
0032113122023301

